                Biraj Singh GC        CSC 24400     Section 11
                     Fall 2019       Assignment #3
---------------------------------- - ---------------------------------- -  

 The original student data is:
Student ID     Test 1  Test 2  Test 3  Test 4
------------   ------  ------  ------  ------
    6901        66.8    90.9    87.7    65.6
    9802        99.5    88.8    55.9    94.5
    8703        88.8    77.6    66.6    89.9
    9704        90.4    77.3    72.2    68.8
    7705        77.2    77.8    88.3    83.2
    5806        55.9    89.9    82.2    84.6
    9907        98.8    93.5    94.1    90.2
    1108        89.9    33.5    76.4    67.1
    3809        66.5    55.7    55.8    44.9
    2210        88.9    88.0    81.4    82.4
    6511        66.7    56.8    71.2    65.9
    5612        55.5    66.6    66.2    62.1
    6713        67.3    77.8    65.9    87.2
    9914        99.3    92.2    87.8    90.3
    6615        66.1    62.6    54.1    45.2
    5316        55.4    34.4    23.4    77.1
    7617        77.4    66.8    75.5    75.2
    8718        80.3    78.9    71.4    62.2
    3319        77.8    77.9    72.4    80.1
    9820        99.9    89.9    99.9    94.6
    1921        66.7    77.1    76.6    79.3
    8822        88.2    82.2    78.9    68.3
    4523        98.3    89.3    78.4    99.4
    7324        77.9    34.7    78.9    78.4
    5425        56.6    45.6    34.5    23.8
    6526        66.7    56.2    78.9    55.9
    9927        92.3    92.3    94.3    80.2
    6228        90.9    88.3    88.8    91.1
    2829        76.8    87.4    87.1    79.3
    5830        55.8    89.9    78.2    90.3
    6831        66.8    90.9    58.4    69.4
    6732        69.9    78.7    50.2    67.5
    7733        77.9    71.2    76.7    75.3
    5234        82.2    81.9    72.6    75.6
    2335        98.3    87.3    93.7    89.2
    1936        77.3    66.3    74.8    50.6
    6737        66.2    67.3    72.1    45.6
    8538        88.8    59.2    67.7    90.5
    5639        55.5    66.6    54.5    59.9
    8840        77.8    98.2    88.3    78.5
    8641        88.8    67.8    86.6    78.2
    1042        45.5    56.5    34.6    55.6
    6343        78.7    76.6    77.2    71.4
    9244        60.4    90.9    96.3    77.7


The list of students sorted by ID Number high to low is:
Student ID     Test 1  Test 2  Test 3  Test 4
------------   ------  ------  ------  ------
    1042        45.5    56.5    34.6    55.6
    1108        89.9    33.5    76.4    67.1
    1921        66.7    77.1    76.6    79.3
    1936        77.3    66.3    74.8    50.6
    2210        88.9    88.0    81.4    82.4
    2335        98.3    87.3    93.7    89.2
    2829        76.8    87.4    87.1    79.3
    3319        77.8    77.9    72.4    80.1
    3809        66.5    55.7    55.8    44.9
    4523        98.3    89.3    78.4    99.4
    5234        82.2    81.9    72.6    75.6
    5316        55.4    34.4    23.4    77.1
    5425        56.6    45.6    34.5    23.8
    5612        55.5    66.6    66.2    62.1
    5639        55.5    66.6    54.5    59.9
    5806        55.9    89.9    82.2    84.6
    5830        55.8    89.9    78.2    90.3
    6228        90.9    88.3    88.8    91.1
    6343        78.7    76.6    77.2    71.4
    6511        66.7    56.8    71.2    65.9
    6526        66.7    56.2    78.9    55.9
    6615        66.1    62.6    54.1    45.2
    6713        67.3    77.8    65.9    87.2
    6732        69.9    78.7    50.2    67.5
    6737        66.2    67.3    72.1    45.6
    6831        66.8    90.9    58.4    69.4
    6901        66.8    90.9    87.7    65.6
    7324        77.9    34.7    78.9    78.4
    7617        77.4    66.8    75.5    75.2
    7705        77.2    77.8    88.3    83.2
    7733        77.9    71.2    76.7    75.3
    8538        88.8    59.2    67.7    90.5
    8641        88.8    67.8    86.6    78.2
    8703        88.8    77.6    66.6    89.9
    8718        80.3    78.9    71.4    62.2
    8822        88.2    82.2    78.9    68.3
    8840        77.8    98.2    88.3    78.5
    9244        60.4    90.9    96.3    77.7
    9704        90.4    77.3    72.2    68.8
    9802        99.5    88.8    55.9    94.5
    9820        99.9    89.9    99.9    94.6
    9907        98.8    93.5    94.1    90.2
    9914        99.3    92.2    87.8    90.3
    9927        92.3    92.3    94.3    80.2


The list of students with their test average and course grade is:
                                                Test      Course
Student ID     Test 1  Test 2  Test 3  Test 4   Average   Grade
------------   ------  ------  ------  ------   -------   ------
    1042        45.5    56.5    34.6    55.6     48.05      F
    1108        89.9    33.5    76.4    67.1     66.72      D
    1921        66.7    77.1    76.6    79.3     74.93      C
    1936        77.3    66.3    74.8    50.6     67.25      D
    2210        88.9    88.0    81.4    82.4     85.17      B
    2335        98.3    87.3    93.7    89.2     92.13      A
    2829        76.8    87.4    87.1    79.3     82.65      B
    3319        77.8    77.9    72.4    80.1     77.05      C
    3809        66.5    55.7    55.8    44.9     55.72      F
    4523        98.3    89.3    78.4    99.4     91.35      A
    5234        82.2    81.9    72.6    75.6     78.08      C
    5316        55.4    34.4    23.4    77.1     47.58      F
    5425        56.6    45.6    34.5    23.8     40.13      F
    5612        55.5    66.6    66.2    62.1     62.60      D
    5639        55.5    66.6    54.5    59.9     59.13      F
    5806        55.9    89.9    82.2    84.6     78.15      C
    5830        55.8    89.9    78.2    90.3     78.55      C
    6228        90.9    88.3    88.8    91.1     89.78      B
    6343        78.7    76.6    77.2    71.4     75.97      C
    6511        66.7    56.8    71.2    65.9     65.15      D
    6526        66.7    56.2    78.9    55.9     64.42      D
    6615        66.1    62.6    54.1    45.2     57.00      F
    6713        67.3    77.8    65.9    87.2     74.55      C
    6732        69.9    78.7    50.2    67.5     66.57      D
    6737        66.2    67.3    72.1    45.6     62.80      D
    6831        66.8    90.9    58.4    69.4     71.38      C
    6901        66.8    90.9    87.7    65.6     77.75      C
    7324        77.9    34.7    78.9    78.4     67.47      D
    7617        77.4    66.8    75.5    75.2     73.73      C
    7705        77.2    77.8    88.3    83.2     81.63      B
    7733        77.9    71.2    76.7    75.3     75.28      C
    8538        88.8    59.2    67.7    90.5     76.55      C
    8641        88.8    67.8    86.6    78.2     80.35      B
    8703        88.8    77.6    66.6    89.9     80.72      B
    8718        80.3    78.9    71.4    62.2     73.20      C
    8822        88.2    82.2    78.9    68.3     79.40      C
    8840        77.8    98.2    88.3    78.5     85.70      B
    9244        60.4    90.9    96.3    77.7     81.32      B
    9704        90.4    77.3    72.2    68.8     77.18      C
    9802        99.5    88.8    55.9    94.5     84.68      B
    9820        99.9    89.9    99.9    94.6     96.08      A
    9907        98.8    93.5    94.1    90.2     94.15      A
    9914        99.3    92.2    87.8    90.3     92.40      A
    9927        92.3    92.3    94.3    80.2     89.78      B


The list of students sorted by test average high to low is:
                                                Test      Course
Student ID     Test 1  Test 2  Test 3  Test 4   Average   Grade
------------   ------  ------  ------  ------   -------   ------
    9820        99.9    89.9    99.9    94.6     96.08      A
    9907        98.8    93.5    94.1    90.2     94.15      A
    9914        99.3    92.2    87.8    90.3     92.40      A
    2335        98.3    87.3    93.7    89.2     92.13      A
    4523        98.3    89.3    78.4    99.4     91.35      A
    9927        92.3    92.3    94.3    80.2     89.78      B
    6228        90.9    88.3    88.8    91.1     89.78      B
    8840        77.8    98.2    88.3    78.5     85.70      B
    2210        88.9    88.0    81.4    82.4     85.17      B
    9802        99.5    88.8    55.9    94.5     84.68      B
    2829        76.8    87.4    87.1    79.3     82.65      B
    7705        77.2    77.8    88.3    83.2     81.63      B
    9244        60.4    90.9    96.3    77.7     81.32      B
    8703        88.8    77.6    66.6    89.9     80.72      B
    8641        88.8    67.8    86.6    78.2     80.35      B
    8822        88.2    82.2    78.9    68.3     79.40      C
    5830        55.8    89.9    78.2    90.3     78.55      C
    5806        55.9    89.9    82.2    84.6     78.15      C
    5234        82.2    81.9    72.6    75.6     78.08      C
    6901        66.8    90.9    87.7    65.6     77.75      C
    9704        90.4    77.3    72.2    68.8     77.18      C
    3319        77.8    77.9    72.4    80.1     77.05      C
    8538        88.8    59.2    67.7    90.5     76.55      C
    6343        78.7    76.6    77.2    71.4     75.97      C
    7733        77.9    71.2    76.7    75.3     75.28      C
    1921        66.7    77.1    76.6    79.3     74.93      C
    6713        67.3    77.8    65.9    87.2     74.55      C
    7617        77.4    66.8    75.5    75.2     73.73      C
    8718        80.3    78.9    71.4    62.2     73.20      C
    6831        66.8    90.9    58.4    69.4     71.38      C
    7324        77.9    34.7    78.9    78.4     67.47      D
    1936        77.3    66.3    74.8    50.6     67.25      D
    1108        89.9    33.5    76.4    67.1     66.72      D
    6732        69.9    78.7    50.2    67.5     66.57      D
    6511        66.7    56.8    71.2    65.9     65.15      D
    6526        66.7    56.2    78.9    55.9     64.42      D
    6737        66.2    67.3    72.1    45.6     62.80      D
    5612        55.5    66.6    66.2    62.1     62.60      D
    5639        55.5    66.6    54.5    59.9     59.13      F
    6615        66.1    62.6    54.1    45.2     57.00      F
    3809        66.5    55.7    55.8    44.9     55.72      F
    1042        45.5    56.5    34.6    55.6     48.05      F
    5316        55.4    34.4    23.4    77.1     47.58      F
    5425        56.6    45.6    34.5    23.8     40.13      F



-------------------------------- - 
         | END OF PROGRAM OUTPUT | 
-------------------------------- - 
